t = 0
b = 15 15 15
E = 0 0 0
0.6864050030708313 -0.03568560257554054 4.848448276519775 -0.025018449653284154 0.07147847129839927 -0.9971283294129145 -0.02976891782222781 0.9968913294521266 0.07294853524824962 0 0 0 0 0 0
0.9511042237281799 0.44678038358688354 5.077499866485596 -0.3317707879898678 0.23981244115573025 -0.9123695179605199 0.369345783341763 0.9218255494656452 0.11756423214575465 0 0 0 0 0 0
1.5209170579910278 0.7588645815849304 5.028975009918213 -0.6002227262152785 -0.20066631524845738 -0.7742517089805522 0.11866400279335688 0.9343055486107614 -0.3361428212474607 0 0 0 0 0 0
1.8539282083511353 1.068759560585022 4.806282043457031 -0.9379624503420941 0.13636409048557144 -0.31879660690524503 0.26361642770814625 0.8792789998449743 -0.3967049526713995 0 0 0 0 0 0
2.2317254543304443 1.1760203838348389 4.286977767944336 -0.7120407011964556 0.5420016823271113 0.4463543616838993 0.07108219140100026 0.695512670418766 -0.71498912394007 0 0 0 0 0 0
2.2033467292785645 1.3370418548583984 3.6931183338165283 -0.22428988532785468 0.5880987414080752 0.7770675116705469 0.10394691708165733 0.8125559770626392 -0.5735397305932681 0 0 0 0 0 0
1.7832635641098022 1.4701818227767944 3.159874439239502 -0.0017917160894217134 0.6288363190063142 0.7775356414030445 0.011700385570797106 0.7775924528188076 -0.6286597476351775 0 0 0 0 0 0
1.4410256147384644 1.773354411125183 2.829209089279175 0.360643701389573 0.5186570336998055 0.7751973955333875 -0.23246699267197476 0.856571625263577 -0.4606996289464129 0 0 0 0 0 0
1.1271628141403198 2.03741192817688 2.3349545001983643 0.7923095298769005 -0.38072013274361133 -0.47675757926847057 -0.23571290917076174 0.5233822483749901 -0.8188470226704109 0 0 0 0 0 0
0.9486134648323059 2.511448383331299 2.15514874458313 0.8163089575046938 -0.3759068031840728 -0.4385587317766357 -0.2751534366082639 0.4175786500157916 -0.8659784393237806 0 0 0 0 0 0
1.1083968877792358 3.110807418823242 2.016740560531616 0.35251389297216396 -0.7996513792234138 -0.4860983716982621 -0.1325293126197395 0.4700665566063852 -0.8726244402128303 0 0 0 0 0 0
1.4868324995040894 2.9108564853668213 2.5252573490142822 -0.8627204004105262 -0.5053590508039322 -0.018048282080295932 0.48486425843374564 -0.8395983593019353 0.24491068974422542 0 0 0 0 0 0
1.7761000394821167 2.732779026031494 3.0175437927246094 -0.8577958737064822 -0.495450381587717 -0.13680335681816497 0.4118843846013089 -0.830900885740378 0.3741055623717137 0 0 0 0 0 0
2.093743085861206 2.637122392654419 3.593818187713623 -0.4491918283682197 -0.506232604552849 -0.7361761008174977 0.318160113323047 -0.8585801157178872 0.40201284455117275 0 0 0 0 0 0
1.9735709428787231 2.3419113159179688 4.087803363800049 -0.20591494728980378 -0.5856292674170108 -0.783988134876576 -0.05675857514540446 -0.7915974959348272 0.608401075424078 0 0 0 0 0 0
1.4826487302780151 2.175248384475708 4.527858257293701 0.23293382595196704 -0.5730913719619648 -0.7856895774478183 -0.20829330680998268 -0.8181490221904499 0.5359534269197026 0 0 0 0 0 0
1.1293150186538696 1.827677845954895 4.744760513305664 0.7255099414033293 -0.5002882972332766 -0.47259596335174764 -0.17668440519584042 -0.80102180994176 0.5719673775297144 0 0 0 0 0 0
0.649370014667511 1.4210385084152222 4.5685319900512695 0.8949423795380115 -0.32689509836244685 0.3036737261823091 -0.3825742210387766 -0.9172404848209239 0.1109362808194409 0 0 0 0 0 0
0.45216068625450134 0.9499501585960388 4.105010509490967 0.892403949723242 -0.03598390825760141 0.4498003433356467 -0.08078259792680856 -0.9950987269545015 0.05703240732886907 0 0 0 0 0 0
0.421224445104599 0.46325892210006714 3.897641897201538 0.6893226998936175 0.04670201552843993 0.7229475341661765 -0.018267136888953556 -0.9967507050630414 0.07844962502275023 0 0 0 0 0 0
0.6124070286750793 0.02649872936308384 3.6351351737976074 0.10391591714536415 0.3008097183746083 0.9480057992940899 0.13390064191663759 -0.9477827562612021 0.28944509846986693 0 0 0 0 0 0
1.521401286125183 2.829716920852661 -0.48727431893348694 -0.6017957744451986 -0.7429796159989237 0.2929558602759051 0.5388159582666779 -0.10085703787818918 0.8363642872741514 0 0 0 0 0 0
1.7094768285751343 3.1177444458007812 -0.07046093046665192 -0.41954301982640235 -0.8867191176799386 0.1941979939542481 0.4953514950016812 -0.05200151500534544 0.8671347870064655 0 0 0 0 0 0
1.627601981163025 3.3809866905212402 0.4003952443599701 0.8537750556080906 -0.4462909238407153 -0.2681278906022324 0.21927825085757505 -0.166996610892811 0.961264365640981 0 0 0 0 0 0
1.4055215120315552 3.152643918991089 0.841049075126648 0.9943748994490111 0.07115718492105476 0.07845517433464638 -0.06700056340871857 -0.2442927093260476 0.9673840998657429 0 0 0 0 0 0
1.223340630531311 2.639897346496582 1.0805062055587769 0.8804993296126823 0.4566224729266166 0.12734538770602694 0.12360415099134742 -0.4916847542956384 0.861955982780412 0 0 0 0 0 0
1.2512530088424683 2.112468719482422 1.2664331197738647 -0.23551094407558254 0.8845128065433208 0.4027054634363505 0.17155759019182318 -0.3716791190099229 0.9123719777259613 0 0 0 0 0 0
1.7455686330795288 1.8195116519927979 1.4519442319869995 -0.722118758168374 0.5058402818196192 0.4718793366847223 0.26602183000273666 -0.4434099733210961 0.8559322295143348 0 0 0 0 0 0
2.2923779487609863 1.902955174446106 1.6837915182113647 -0.7857592986401597 0.33279206485090446 0.5213748806499942 0.4659128787215744 -0.22114666572365752 0.8567492875285537 0 0 0 0 0 0
2.7364604473114014 2.069383382797241 1.9471877813339233 -0.4935522917591186 -0.8664194333192508 0.07565382254764291 0.37987396433698284 -0.12770582974223957 0.9161806548212807 0 0 0 0 0 0
2.7570266723632812 2.2865991592407227 2.5474531650543213 0.3488942496743556 -0.49788153030337096 0.7939690071576736 -0.4765066772794391 0.6327029937449825 0.6104328859213316 0 0 0 0 0 0
2.5868396759033203 2.3758187294006348 2.983187437057495 0.8989731966556198 0.36329621011529883 0.2446692776190689 -0.3026432699717335 0.14206054124974188 0.942457348510078 0 0 0 0 0 0
2.6513681411743164 2.0067639350891113 3.3889153003692627 0.4226799066308673 0.9033390564816173 0.07294001347287221 -0.28631821951129655 0.06111745363034907 0.9561833161259524 0 0 0 0 0 0
3.008094072341919 1.5745654106140137 3.8369126319885254 -0.24009287287391448 -0.8566948746521288 0.4565405832343097 0.9143073053352309 -0.045735874340536255 0.40243059179060386 0 0 0 0 0 0
2.9829299449920654 2.167635202407837 3.940189838409424 -0.9607397929778327 -0.2374237632419891 -0.14355837431833404 -0.16675144083460766 0.09624727053662877 0.9812901812888128 0 0 0 0 0 0
2.9054112434387207 2.551030158996582 4.349626064300537 -0.49302518970069625 -0.8563059673015434 -0.15383839795174845 -0.28239232746492665 -0.010563108153327202 0.9592408426120538 0 0 0 0 0 0
2.5527100563049316 2.7082462310791016 4.65268611907959 0.36969913557993533 -0.9288016354645303 0.025496492108961058 -0.3110940270315566 -0.08820120797795958 0.9462774715993814 0 0 0 0 0 0
